# Observatoire de Physique Globe de Clermont-Ferrand-OPGC; 
# Candidate model for IGRF 2025, 25-Sep-2024 21:23:11
# n   m        gnm        hnm  dgnm dhnm
  1   0  -29347.88         0    0   0 
  1   1   -1410.11    4545.15   0   0
  2   0   -2557.46         0    0   0 
  2   1    2950.68   -3133.85   0   0
  2   2    1648.84    -814.23   0   0
  3   0    1361.08         0    0   0 
  3   1   -2403.80     -56.84   0   0
  3   2    1243.75     237.77   0   0
  3   3     453.31    -549.90   0   0
  4   0     894.54         0    0   0 
  4   1     799.50     278.78   0   0
  4   2      55.83    -134.11   0   0
  4   3    -281.19     211.87   0   0
  4   4      12.05    -375.44   0   0
  5   0    -232.38         0    0   0 
  5   1     368.90      45.10   0   0
  5   2     187.19     220.18   0   0
  5   3    -138.69    -122.72   0   0
  5   4    -141.80      42.79   0   0
  5   5      20.71     106.28   0   0
  6   0      64.25         0    0   0 
  6   1      63.80     -18.20   0   0
  6   2      76.82      16.84   0   0
  6   3    -115.70      48.92   0   0
  6   4     -40.94     -59.80   0   0
  6   5      14.90      10.98   0   0
  6   6     -60.78      72.88   0   0
  7   0      79.42         0    0   0 
  7   1     -77.00     -48.83   0   0
  7   2      -8.83     -14.24   0   0
  7   3      59.38      -1.00   0   0
  7   4      15.80      23.52   0   0
  7   5       2.54      -7.40   0   0
  7   6     -11.23     -25.02   0   0
  7   7      14.36      -2.19   0   0
  8   0      23.26         0    0   0 
  8   1      11.00       7.14   0   0
  8   2     -17.43     -12.81   0   0
  8   3       1.93      11.36   0   0
  8   4     -21.78      -9.66   0   0
  8   5      16.90      12.70   0   0
  8   6      14.87       0.61   0   0
  8   7     -16.79      -5.22   0   0
  8   8       0.95       4.02   0   0
  9   0       4.51         0    0   0 
  9   1       7.87     -24.71   0   0
  9   2       2.94      12.36   0   0
  9   3      -0.06       8.39   0   0
  9   4      -2.40      -3.39   0   0
  9   5     -13.06      -5.26   0   0
  9   6       2.39       7.15   0   0
  9   7       8.67      -0.62   0   0
  9   8      -8.63       0.82   0   0
  9   9     -12.77       9.81   0   0
 10   0      -1.19         0    0   0 
 10   1      -6.39       3.25   0   0
 10   2       0.21      -0.05   0   0
 10   3       1.82       2.46   0   0
 10   4      -1.06       5.42   0   0
 10   5      -0.56      -8.98   0   0
 10   6      -0.85       0.38   0   0
 10   7       1.49      -4.18   0   0
 10   8       0.94      -3.79   0   0
 10   9      -2.59       0.87   0   0
 10  10      -3.89      -9.05   0   0
 11   0       2.80         0    0   0 
 11   1      -1.37       0.30   0   0
 11   2      -2.41       2.97   0   0
 11   3       2.47      -0.54   0   0
 11   4      -0.53       0.10   0   0
 11   5      -0.07       0.42   0   0
 11   6      -0.54      -0.30   0   0
 11   7      -0.05      -1.16   0   0
 11   8       1.08      -1.74   0   0
 11   9      -0.99      -2.80   0   0
 11  10      -0.10      -1.81   0   0
 11  11       2.49      -2.29   0   0
 12   0      -1.98         0    0   0 
 12   1      -0.19      -1.24   0   0
 12   2       0.32       0.53   0   0
 12   3       1.08       0.96   0   0
 12   4      -1.30      -1.34   0   0
 12   5       0.61       0.02   0   0
 12   6       0.53       0.60   0   0
 12   7       0.46      -0.15   0   0
 12   8      -0.09       0.79   0   0
 12   9      -0.44       0.10   0   0
 12  10      -0.26      -0.94   0   0
 12  11      -1.25       0.13   0   0
 12  12      -0.76       0.18   0   0
 13   0       0.10         0    0   0 
 13   1      -0.83      -0.80   0   0
 13   2       0.61       0.75   0   0
 13   3       0.72       1.33   0   0
 13   4      -0.11      -0.32   0   0
 13   5       0.43      -1.29   0   0
 13   6       0.12      -0.10   0   0
 13   7       0.65       0.22   0   0
 13   8      -0.04      -0.22   0   0
 13   9       0.32       0.45   0   0
 13  10       0.22       0.64   0   0
 13  11       0.42      -0.62   0   0
 13  12      -0.50      -0.24   0   0
 13  13      -0.37      -0.52   0   0
